0.000000 0.000000 0.008172
0.050000 1.108049 0.022211
0.100000 4.404914 0.060363
0.150000 9.809413 0.163989
0.200000 17.188471 0.445072
0.250000 26.360390 1.204713
0.300000 37.099327 3.237518
0.350000 49.140855 8.536657
0.400000 62.188471 21.456526
0.450000 75.920898 48.409456
0.500000 90.000000 90.000000
0.550000 104.079102 131.590544
0.600000 117.811529 158.543474
0.650000 130.859145 171.463343
0.700000 142.900673 176.762482
0.750000 153.639610 178.795287
0.800000 162.811529 179.554928
0.850000 170.190587 179.836011
0.900000 175.595086 179.939637
0.950000 178.891951 179.977789
1.000000 180.000000 179.991828
